%% 参数设置
%燃气轮机参数设置
pg_max=800;         %燃气轮机最大功率限制
pg_min=80;          %燃气轮机最小功率限制
a=0.67;             %燃气轮机成本系数a,b设置
b=0;

%蓄电池参数设置
ps_max=500;         %储能允许最大充放电给功率
Es_max=1800;        %蓄电池调度过程中允许的最大剩余容量
Es_min=400;         %蓄电池调度过程中允许的最小剩余容量
Es_0=1000;          %调度过程中初始容量

Ks=0.38;            %折算后充放电成本
yita=0.95;          %充放电效率

%需求响应负荷参数设置
K_DR=0.32;          %需求响应负荷单位调度成本
D_DR=2940;          %需求响应总用电需求
D_DR_min=50;        %需求响应功率最小值
D_DR_max=200;       %需求响应功率最大值

%配电网交互功率参数设置
pm_max=1500;        %微电网与配电网交互功率最大值

%% 数据设置
%配电网日前交易电价，为24*1向量
price = [0.48;0.48;0.48;0.48;0.48;0.48;0.48;0.9;1.35;1.35;1.35;0.9;0.9;0.9;0.9;0.9;0.9;0.9;1.35;1.35;1.35;1.35;1.35;0.48];

%光伏日前预测，为24*1向量
p_pv_forecast_0 = [0 0 0 0 0 0 0 109.63 314.82 642.22 1080 1110.37 1214.81 1054.07 905.19 917.78  771.11 540 312.59 73.33 0 0 0 0]';

%负荷日前预测，为24*1向量
p_l_forecast_0 = [360.52,325.68,309.74,278.04,273.12,401.53,521.55,537.1,569.97,716.76,756.46,943.14,765.51,692.35,687.43,663.08,754.22,739.33,805.8,860.72,888.87,676.07,499.5,406.39]';

% 不确定性集
% 光伏区间最大单侧偏差
Dp_pv_max=0.15*p_pv_forecast_0;
% 负荷区间最大单侧偏差
DPL_max=0.1*p_l_forecast_0;

% 可转移负荷
P_DR=1*[80, 70, 60, 50, 70, 70, 90, 100, 120, 150, 170, 200, 140, 100, 100, 120, 140, 150, 190, 200, 200, 190, 100, 80]';  % 这个是可转移负荷的参数   需求响应负荷在调度周期内的总 用电需求
